image: maps.pgm
resolution: 0.050000
origin: [-1.360839, -0.705763, 0.000000]
negate: 0
occupied_thresh: 0.65
free_thresh: 0.196

