image: shape.pgm
resolution: 0.050000
origin: [-5.620525, -3.370178, 0.000000]
negate: 0
occupied_thresh: 0.65
free_thresh: 0.196

